start       0.000    0.000    0.000000    1.000000
start_left  0.000    0.000    1.000000    0.000000

LU1   -1.070    0.320    0.000000    1.000000
ALU1  -1.070   -0.150    0.000000    1.000000

LU2   -0.420    0.320    0.000000    1.000000
ALU2  -0.470   -0.200    0.000000    1.000000

U      0.170    0.320    0.000000    1.000000
AU     0.170   -0.100    0.000000    1.000000

RU2    0.840    0.320    0.000000    1.000000
ARU2   0.820   -0.200    0.000000    1.000000

RU1    1.480    0.320    0.000000    1.000000
ARU1   1.470   -0.150    0.000000    1.000000

LD1   -0.600   -1.150    0.707106   -0.707106
ALD1  -1.100   -1.150    0.707106   -0.707106

LD2   -0.600   -1.870    0.707106   -0.707106
ALD2  -1.100   -1.900    0.707106   -0.707106

RD1    0.600   -0.720    0.707106    0.707106
ARD1   1.100   -0.750    0.707106    0.707106

RD2    0.600   -1.480    0.707106    0.707106
ARD2   1.100   -1.500    0.707106    0.707106

CL1   -1.160   -0.918    0.707106    0.707106
CL2   -1.160   -0.761    0.707106    0.707106
CL3   -1.160   -0.604    0.707106    0.707106
CL4   -1.160   -0.447    0.707106    0.707106
CL5   -1.160   -0.290    0.707106    0.707106

CL6    1.165   -0.670    0.707106   -0.707106
CL7    1.165   -0.827    0.707106   -0.707106
CL8    1.165   -0.984    0.707106   -0.707106
CL9    1.165   -1.141    0.707106   -0.707106
CL10   1.165   -1.298    0.707106   -0.707106

CL1_UP   -1.160   -0.918    0.707106    0.707106
CL2_UP   -1.160   -0.761    0.707106    0.707106
CL3_UP   -1.160   -0.604    0.707106    0.707106
CL4_UP   -1.160   -0.447    0.707106    0.707106
CL5_UP   -1.160   -0.290    0.707106    0.707106

CL6_UP    1.150   -0.690    0.707106   -0.707106
CL7_UP    1.150   -0.847    0.707106   -0.707106
CL8_UP    1.150   -1.004    0.707106   -0.707106
CL9_UP    1.150   -1.161    0.707106   -0.707106
CL10_UP   1.150   -1.318    0.707106   -0.707106

LP1   -1.080   -0.222    0.707106    0.707106
LP2   -1.080   -0.584    0.707106    0.707106
LP3   -1.080   -0.870    0.707106    0.707106

RP1    1.070   -1.210    0.707106   -0.707106
RP2    1.060   -0.926    0.707106   -0.707106
RP3    1.050   -0.612    0.707106   -0.707106

tLD1  -0.550   -1.150    0.707106   -0.707106
tLD2  -0.550   -1.850    0.707106   -0.707106

oLP1   -1.150   -0.222    0.707106    0.707106
oLP2   -1.150   -0.584    0.707106    0.707106
oLP3   -1.150   -0.870    0.707106    0.707106

oRP1    1.140   -1.210    0.707106   -0.707106
oRP2    1.130   -0.926    0.707106   -0.707106
oRP3    1.120   -0.612    0.707106   -0.707106