start  0.000    0.000    0.000000    1.000000

start_left   0.000    0.000    1.000000    0.000000

LU1   -1.130    0.350    0.000000    1.000000
ALU1  -1.130   -0.100    0.000000    1.000000
LU2   -0.430    0.350    0.000000    1.000000
ALU2  -0.480   -0.200    0.000000    1.000000
U      0.170    0.350    0.000000    1.000000
AU     0.170   -0.100    0.000000    1.000000
RU2    0.820    0.350    0.000000    1.000000
ARU2   0.820   -0.200    0.000000    1.000000
RU1    1.470    0.350    0.000000    1.000000
ARU1   1.470   -0.100    0.000000    1.000000

LD1   -0.600   -1.150    0.707106   -0.707106
ALD1  -1.100   -1.150    0.707106   -0.707106
LD2   -0.600   -1.900    0.707106   -0.707106
ALD2  -1.100   -1.900    0.707106   -0.707106
RD1    0.600   -0.750    0.707106    0.707106
ARD1   1.100   -0.750    0.707106    0.707106
RD2    0.600   -1.500    0.707106    0.707106
ARD2   1.100   -1.500    0.707106    0.707106

LP1   -1.200   -0.292    0.707106    0.707106
LP2   -1.200   -0.606    0.707106    0.707106
LP3   -1.200   -0.920    0.707106    0.707106

RP1    1.200   -1.210    0.707106   -0.707106
RP2    1.200   -0.896    0.707106   -0.707106
RP3    1.200   -0.582    0.707106   -0.707106

CL1   -1.140   -0.918    0.707106    0.707106
CL2   -1.140   -0.761    0.707106    0.707106
CL3   -1.140   -0.604    0.707106    0.707106
CL4   -1.140   -0.447    0.707106    0.707106
CL5   -1.140   -0.290    0.707106    0.707106

CL6    1.200   -0.690    0.707106   -0.707106
CL7    1.200   -0.847    0.707106   -0.707106
CL8    1.200   -1.004    0.707106   -0.707106
CL9    1.200   -1.161    0.707106   -0.707106
CL10   1.200   -1.318    0.707106   -0.707106